5
5 2
60 50 70 80 90
6 0
60 60 90 60 60 60
15 5
63 53 87 91 83 72 83 92 63 68 88 74 51 82 89
50 15
77 92 64 94 83 82 69 89 74 79 85 65 82 82 85 79 68 79 63 77 93 58 78 75 86 85 90 77 57 51 56 69 53 56 67 64 84 92 52 54 74 50 66 72 87 54 66 98 55 55
100 25
70 81 58 71 62 68 92 63 50 53 53 61 77 96 67 60 74 54 91 81 65 65 82 50 95 98 87 93 70 72 90 62 64 99 74 73 67 95 71 82 61 96 57 84 84 91 52 50 88 90 77 54 50 70 52 99 99 83 72 57 78 61 54 59 58 78 79 75 84 78 95 61 61 50 90 76 51 55 64 99 50 72 61 77 72 93 62 87 76 57 62 74 94 71 98 84 63 74 73 68