9
9 1
1000000 2000000 3000000 4000000 5000000 6000000 70000000 8000000 9000000
9 2
1000000 2000000 3000000 4000000 5000000 6000000 70000000 8000000 9000000
9 3
1000000 2000000 3000000 4000000 5000000 6000000 70000000 8000000 9000000
9 4
1000000 2000000 3000000 4000000 5000000 6000000 70000000 8000000 9000000
9 5
1000000 2000000 3000000 4000000 5000000 6000000 70000000 8000000 9000000
9 6
1000000 2000000 3000000 4000000 5000000 6000000 70000000 8000000 9000000
9 7
1000000 2000000 3000000 4000000 5000000 6000000 70000000 8000000 9000000
9 8
1000000 2000000 3000000 4000000 5000000 6000000 70000000 8000000 9000000
9 9
1000000 2000000 3000000 4000000 5000000 6000000 70000000 8000000 9000000