6
5
2 23 92 78 93
59 50 48 90 80
30 53 70 75 96
94 91 82 89 93
97 98 95 96 100
5
1 27 309 126 384
178 104 75 298 176
76 136 201 386 224
261 365 254 344 364
341 408 302 394 414
3
4 7 5
5 3 8
9 6 5
6
2 23 92 78 93 100
59 50 48 90 80 101
30 53 70 75 96 102
94 91 82 89 93 103
97 98 95 96 100 104
102 103 104 105 106 107
7
2 23 92 78 93 100 34
59 50 48 90 80 101 45
30 53 70 75 96 102 56
94 91 82 89 93 103 76
97 98 95 96 100 104 123
102 103 104 105 106 107 23
23 45 76 34 87 100 34
10
2 23 92 78 93 100 34 1 3 5
59 50 48 90 80 101 45 5 3 8
30 53 70 75 96 102 56 23 45 12
94 91 82 89 93 103 76 76 54 32
97 98 95 96 100 104 123 76 54 32
102 103 104 105 106 107 23 87 98 87
23 45 76 34 87 125 34 88 99 77
56 88 99 105 106 107 23 87 98 87
102 103 104 105 106 107 23 87 98 99
33 103 104 105 106 107 23 87 98 11