6
7
0110100
0110101
1110101
0000111
0100000
0111110
0111000
8
00101011
11101101
01110111
10011110
10010101
11101011
00101101
11110001
10
0111011110
0101110010
1110001111
1100110101
0110100000
0011110000
1011010101
1001010111
1101111110
0111010111
20
11101110011100000100
00001000011111000001
01100110010110010000
10011011100010011001
10101101110001100100
01111111001000010001
00010001101110011100
10010100100110011101
11111110111001111111
10010111011110101011
01110000101101000010
01011010010110110001
01000111101111111100
01001111010010010110
00110100001100111000
00111010010100101100
11101001100100100001
11011000111011001111
10001111111000001110
11110010101001101100
25
1000000010000100001011000
1000101001100000101111010
1101100000101010110111011
0001110100000110110000111
0000111001100101000010101
0110100000000100011010000
1011001000001001001001111
0000110001101010010111000
0110111110001010000000000
1101000010100011110011000
1100001001101110100001001
0100110010000011001101000
1010010101011000001010010
0000101000011000001100100
0000101001011001100100100
1010000100010101011010111
1100001010010011001000001
1100010001100100100011010
1110000001000010101011000
1001111000010000101110000
1001000100011000010101010
1001000011100001010100000
1000000101111100011010000
1110011010000000101011000
0011110000010010010000110
25
0111111100110111011101101
0010110011001011101001111
1000100000011110100110001
1110110111011101011011001
1111110101011111110110100
1101011101011011110110011
1111111111100111110101111
1000111110100001011010001
0011111111100111010111101
0110010111011110111111011
0111000100110011111111111
1111010111110111001101111
1101111110001111011111110
1100111111011110011011101
1111000111101111101100101
0111001110111101111010110
1111111111101011110101110
0111100011111011001100111
1100111101011111111011011
1110011110001101000011100
0111011000101110011011111
1101111100001011101111010
1101111011101100001111111
0101101111010110111111010
1101111110001000111001100