6
7
1 1 0 0 0 1 0
0 1 1 0 1 1 0
0 1 0 0 0 0 0
0 0 0 1 0 1 1
1 1 0 1 1 0 0
1 0 0 0 1 0 0
1 0 1 0 1 0 0
5
0 0 0 0 0
1 0 0 1 1
0 1 0 1 0
1 1 0 1 0
1 1 0 0 0
10
0 0 0 0 1 0 0 1 1 1
0 1 0 0 1 0 0 0 1 0
1 0 1 0 0 0 0 0 0 1
0 1 1 0 0 0 1 0 0 1
1 0 1 1 1 0 0 0 1 1
0 0 0 0 1 0 0 1 1 1
0 0 1 1 1 0 0 0 0 0
0 1 0 0 1 0 0 0 0 0
1 0 0 0 0 1 1 0 1 0
1 0 0 0 1 1 1 0 0 1
15
0 0 0 0 0 0 0 1 0 0 0 1 0 1 0
0 0 0 0 0 0 1 0 0 0 0 0 0 0 0
0 0 0 0 1 1 0 0 0 1 0 0 0 0 0
0 0 0 1 0 1 0 0 0 0 0 1 0 0 0
1 1 0 1 0 0 0 0 0 0 0 0 0 0 0
0 0 0 0 0 0 0 0 0 0 0 0 0 0 1
0 0 0 1 0 1 0 0 0 0 0 0 0 0 1
0 1 0 1 0 1 1 0 0 0 1 0 0 0 0
0 0 0 0 0 1 1 0 1 0 0 0 0 0 0
0 0 0 0 1 0 0 1 0 0 0 0 0 0 0
0 0 0 0 0 0 0 0 0 0 0 0 0 1 0
0 0 0 0 0 0 1 0 0 1 1 0 0 0 0
0 0 0 0 0 1 0 0 0 0 0 1 0 0 0
1 1 1 1 0 0 1 0 0 0 1 0 1 0 1
1 0 0 0 1 0 0 1 1 0 0 1 0 0 0
20
1 1 0 0 1 0 0 1 1 0 0 0 1 0 0 1 0 0 1 0
0 0 0 0 0 0 0 0 1 0 0 0 1 0 0 0 1 0 0 1
0 0 0 0 0 0 1 0 0 1 0 0 0 0 0 0 1 0 0 1
0 0 0 0 0 0 0 0 0 0 0 1 0 0 0 0 0 0 0 0
0 1 0 0 0 1 0 1 0 1 0 0 0 1 0 0 0 0 1 0
0 0 1 0 0 0 0 0 0 0 0 0 0 0 0 0 1 0 0 0
0 0 0 1 1 0 0 0 0 1 0 0 1 0 0 0 0 1 0 0
0 1 0 1 1 0 0 0 0 0 0 0 0 0 0 0 1 0 1 1
0 0 1 0 0 0 1 0 0 0 0 0 0 0 0 0 0 0 1 0
0 0 0 0 0 1 0 1 0 1 0 0 1 1 1 0 0 0 1 0
0 0 1 0 0 0 0 0 0 0 0 0 0 0 1 0 0 0 0 1
0 0 0 0 0 0 0 0 0 0 1 0 0 0 0 0 0 0 1 1
1 0 0 0 0 0 0 0 1 0 0 0 1 0 0 0 0 0 0 0
0 0 1 0 0 0 0 0 0 1 0 0 0 0 0 0 0 0 0 0
0 0 0 0 1 1 0 1 0 1 0 0 1 0 0 0 0 0 0 0
0 0 0 0 0 0 0 0 0 0 0 1 1 1 0 0 1 0 0 0
0 1 1 0 1 0 1 0 0 0 0 0 1 0 0 1 0 0 0 1
0 0 0 1 0 0 0 1 0 0 0 0 0 0 0 0 0 0 1 0
0 0 0 1 0 0 0 0 0 0 0 0 0 0 0 1 1 0 0 0
1 1 0 0 0 0 0 0 0 0 0 0 0 1 0 1 1 0 0 1
20
0 0 0 0 0 0 0 1 1 0 0 0 0 0 0 0 1 0 0 1
0 1 0 0 0 1 0 0 0 0 0 0 0 0 1 0 0 1 0 0
0 0 0 0 1 0 0 0 0 0 0 0 1 0 0 0 0 0 0 0
0 0 0 0 0 0 0 0 0 0 0 0 1 0 0 1 0 0 1 0
1 1 0 0 1 1 0 0 1 1 0 1 1 0 0 1 0 0 1 1
0 0 1 0 0 0 0 0 0 0 0 0 0 0 0 1 1 0 0 0
0 0 0 0 0 0 0 0 0 0 0 0 0 1 0 0 0 0 1 0
0 0 0 0 0 0 0 0 1 0 0 0 0 0 0 0 0 0 0 0
0 0 1 0 0 0 0 0 0 0 0 0 0 0 0 0 0 0 0 0
1 0 1 0 0 1 0 0 1 0 0 0 0 0 0 0 0 0 0 0
0 1 0 0 0 0 1 0 0 0 0 0 0 1 0 1 0 0 1 0
0 0 0 1 0 0 0 0 0 0 1 0 0 0 0 1 1 0 0 1
0 0 0 0 0 0 0 0 0 0 0 0 1 0 0 0 0 0 0 0
0 0 0 0 0 1 0 0 0 0 1 0 0 0 0 0 1 1 0 0
0 0 0 1 1 0 1 0 0 0 0 0 0 0 0 0 0 0 0 0
0 0 0 0 0 0 0 0 1 0 0 1 0 0 0 1 0 0 0 0
0 1 0 0 0 1 0 0 1 0 0 0 0 0 0 0 0 0 1 0
1 0 1 0 0 0 0 1 0 0 0 1 0 0 0 0 0 0 1 0
0 0 0 0 0 0 0 1 0 0 0 0 0 0 0 0 1 0 0 0
0 1 1 0 1 1 0 0 0 1 0 0 0 0 0 0 0 1 0 0