6
5
10 13 10 12 15
12 39 30 23 11
11 25 50 53 15
19 27 29 37 27
19 13 30 13 19
7
74 10 31 26 59 16 89
78 44 49 1 64 33 15
9 95 70 18 22 25 40
62 77 28 3 78 75 23
82 38 20 16 42 1 79
1 24 2 25 95 26 79
4 35 46 94 70 44 83
9
64 8 59 87 94 71 66 4 9
38 21 30 24 33 65 7 79 27
99 10 78 74 84 32 33 74 30
4 6 69 53 100 15 23 15 88
22 88 8 3 62 75 46 4 41
39 64 7 75 91 26 83 32 41
100 98 20 100 18 39 90 60 56
56 30 94 29 81 76 96 50 11
66 88 88 95 13 56 29 13 31
13
55 51 76 47 59 21 44 82 28 35 55 11 49
41 49 47 74 22 64 57 72 46 100 53 67 73
75 45 25 48 55 49 40 25 20 79 19 96 94
62 29 99 84 10 35 14 68 52 25 92 45 90
2 92 67 10 67 71 30 31 81 8 25 68 54
65 52 16 93 90 84 58 65 48 46 22 40 19
86 39 28 87 5 42 54 28 65 62 33 48 77
86 5 13 33 48 92 38 15 84 10 38 85 36
76 11 41 41 68 70 27 66 95 56 57 43 100
62 61 81 11 96 62 60 28 30 40 97 55 9
49 49 83 57 52 6 74 11 61 48 45 16 21
59 80 74 4 71 64 79 24 3 79 68 24 58
4 32 52 91 43 93 59 65 51 98 78 67 42
15
29 94 79 58 39 18 85 32 48 87 35 22 45 79 4
49 92 63 98 13 53 25 92 85 82 31 66 76 81 97
55 3 89 66 98 7 30 40 48 28 93 90 17 66 58
3 9 87 60 39 49 33 6 7 30 17 100 74 58 12
98 98 52 61 98 73 68 76 24 4 31 97 25 99 96
92 64 19 81 96 1 53 100 1 3 24 40 14 97 60
94 30 39 48 39 67 18 53 97 25 25 87 58 20 33
81 39 28 40 28 45 52 21 57 64 69 47 56 42 100
18 51 30 31 94 66 24 92 59 31 4 30 5 38 80
36 85 19 51 15 92 62 24 55 2 15 96 1 73 14
15 100 23 21 91 58 90 38 34 100 83 18 77 8 100
71 6 49 66 48 48 100 61 97 23 70 14 50 22 70
87 88 27 61 57 36 45 3 78 22 25 56 32 48 17
58 43 42 99 56 42 61 81 16 19 5 13 89 8 4
78 96 88 64 75 63 42 10 68 67 84 75 11 79 64
17
33 20 70 4 10 50 75 39 29 52 21 92 57 71 48 65 78
60 87 16 63 37 39 98 23 58 25 25 36 64 97 56 28 43
11 13 8 97 34 54 50 42 67 59 79 93 48 62 97 18 58
56 9 38 68 7 49 52 37 41 28 6 36 88 78 67 45 42
69 1 71 75 64 7 8 41 55 51 88 80 35 50 22 45 51
32 79 43 11 77 24 100 33 59 26 37 37 52 92 62 46 32
5 40 45 34 75 35 23 86 27 94 19 95 18 96 37 65 99
82 14 22 50 27 7 92 20 99 8 19 40 98 86 41 42 91
23 9 38 92 17 24 15 89 57 93 52 81 9 28 10 3 1
1 19 69 31 58 95 77 36 58 81 1 97 95 4 80 97 51
67 57 65 42 50 56 66 79 66 63 77 28 46 63 1 67 39
35 44 19 73 51 11 90 75 77 47 76 4 36 48 40 71 98
21 29 52 28 8 63 41 27 72 59 60 57 80 5 49 16 50
93 70 6 68 68 21 90 37 83 38 23 3 95 62 38 71 24
63 8 26 76 60 48 23 56 28 90 20 25 66 37 82 42 52
2 19 78 20 97 58 96 22 16 30 62 19 94 27 50 74 45
37 90 41 63 21 11 42 73 49 45 70 6 99 48 37 38 57