4
5
6 8 2 6 2
3 2 3 4 6
6 7 3 3 2
7 2 5 3 6
8 9 5 2 7
5
71 24 70 91 17
85 66 42 46 56
81 44 63 57 69
87 13 53 49 15
5 58 15 86 100
10
16 13 7 19 20 12 23 24 28 22
15 15 5 28 4 18 28 15 25 7
6 11 19 13 7 14 8 10 27 1
1 14 19 25 8 22 13 28 26 19
3 28 16 9 24 18 10 2 22 15
1 3 19 11 19 11 16 5 8 29
20 8 1 2 10 17 26 14 29 5
12 25 8 21 28 13 21 11 28 29
19 4 15 3 4 29 29 9 18 7
2 10 29 13 15 23 1 9 8 22
30
6 9 5 6 2 4 6 1 5 8 6 7 9 1 3 8 2 3 5 5 2 1 4 4 6 5 1 7 5 7
4 8 8 2 3 7 2 7 6 9 5 1 6 6 5 4 8 7 7 6 5 8 5 5 7 7 6 6 8 7
9 5 9 1 5 7 6 6 7 9 2 7 9 1 2 4 6 5 7 9 2 9 3 3 3 4 8 5 3 3
1 6 3 5 1 3 9 9 6 6 1 5 9 6 8 4 5 2 1 9 5 7 6 4 1 7 7 3 4 3
8 1 9 6 1 8 2 2 1 4 5 6 9 7 7 2 6 3 1 4 8 1 8 6 9 1 7 2 5 5
6 6 5 2 4 3 7 4 8 1 2 5 3 1 1 2 1 1 9 7 6 8 4 3 3 3 4 6 7 1
9 2 9 7 1 3 6 2 4 7 3 5 7 1 3 9 7 6 7 9 9 2 6 1 2 6 8 4 6 5
1 4 2 4 8 2 9 6 6 6 4 4 4 5 2 9 6 7 2 2 5 4 7 8 7 5 3 1 9 4
3 5 9 5 6 1 1 8 7 4 4 6 9 8 2 6 4 6 6 9 3 7 2 7 8 6 5 4 7 1
8 5 5 6 7 9 4 5 9 3 6 2 2 6 2 1 5 4 9 9 6 1 2 4 5 3 1 2 6 2
9 7 8 4 8 9 7 1 5 6 1 9 5 4 2 6 1 1 9 3 6 5 7 4 9 7 4 2 7 5
7 1 7 9 3 7 8 4 3 1 6 4 9 2 2 1 6 2 9 8 1 9 6 5 3 2 2 4 5 6
9 7 6 9 2 9 5 1 5 8 6 2 1 9 6 6 2 8 7 9 5 6 5 4 1 3 9 4 9 8
2 6 7 8 2 9 4 2 9 1 1 4 3 5 9 5 4 2 8 2 7 2 8 1 1 1 7 1 8 3
1 2 8 2 6 6 9 9 1 1 2 9 9 9 5 2 8 5 1 1 9 8 8 2 8 6 3 7 4 3
5 6 1 2 9 9 2 4 7 6 9 4 4 3 1 3 9 7 1 7 4 4 8 5 7 3 3 9 1 8
5 9 5 5 8 1 1 9 6 8 7 7 4 8 6 9 6 5 9 4 3 6 3 2 9 6 3 8 7 3
9 9 2 5 1 4 9 2 7 5 1 1 4 9 7 5 7 4 6 6 2 5 9 3 2 1 6 1 3 5
4 4 9 2 5 2 1 2 9 9 4 5 2 7 9 7 6 5 8 4 2 2 8 9 3 7 3 8 2 4
9 7 6 5 8 9 2 9 7 3 4 2 7 2 7 3 2 5 1 2 2 3 7 3 8 1 9 1 1 4
6 8 9 1 9 1 6 3 8 4 8 3 1 5 3 1 2 1 1 7 2 8 6 5 7 1 7 4 9 7
9 2 6 4 5 3 4 7 8 4 8 6 1 4 1 9 8 3 5 7 6 4 8 2 7 8 7 8 1 3
6 3 3 6 8 7 2 2 1 1 9 1 3 7 9 3 6 6 1 3 6 4 9 8 6 2 4 2 3 8
5 8 2 5 4 2 5 9 8 3 5 9 4 3 2 9 1 7 5 6 6 7 5 5 1 1 6 3 8 9
7 9 9 4 8 1 1 1 9 9 7 2 3 2 5 7 1 5 4 1 7 6 3 9 3 5 1 9 5 1
4 6 3 7 8 9 5 9 6 6 9 3 5 2 6 4 1 3 5 4 6 2 5 9 7 8 7 9 2 4
6 5 5 6 3 3 9 4 4 5 7 7 2 2 9 7 7 4 4 1 7 1 3 9 2 5 9 9 6 7
4 2 1 1 3 3 1 4 4 5 3 7 7 7 9 4 7 9 2 9 3 1 7 5 4 5 7 1 7 3
7 6 9 9 1 2 2 7 4 6 7 3 2 4 7 1 8 7 5 9 1 6 3 5 3 6 9 2 2 8
9 4 9 9 1 4 2 7 5 9 2 9 8 4 2 9 6 1 6 9 9 8 3 2 9 5 2 9 4 8